Generated by GetData Graph Digitizer 2.26.0.20 on November 02 2023, 08:40
from file 'C:\Users\Kristinka\Desktop\one.jpg'

Line #1
2.0     1.52985507659118e+000
12.0    5.93914355996825e+000
16.0    8.00920945366260e+000
24.0    8.86142032772412e+000


4.24334	1.52986
10.8109	5.93914
17.2769	8.00921
23.8576	8.86142

Сравнить с: 

4.19942	1.76534
10.843	5.8231
17.4138	7.77256
24.0435	8.66787
 или 
2.0	1.76534
12.0	5.8231
16.0	7.77256
24.0	8.66787


Line #2

4.19642	1.66821
10.7368	4.88715
17.225	6.47281
23.8076	7.94787


2.0	1.66821
12.0	4.88715
16.0	6.47281
24.0	7.94787

сравнить с :

4.17664	1.85199
10.8558	4.89892
17.3969	6.3574
24.0285	7.41155

или 
2.0	1.85199
12.0	4.89892
16.0	6.3574
24.0	7.41155

